Test for classes without default constructor...
1
Test OK...
Test for my Matrix...
Size :10

     1.25000000     1.25000000     1.25000000     1.25000000     1.25000000     1.25000000     1.25000000     1.25000000     1.25000000     1.25000000     1.25000000     1.25000000     1.25000000     1.25000000     1.25000000     1.25000000     1.25000000
     1.25000000     1.25000000     1.25000000     1.25000000     1.25000000     1.25000000     1.25000000     1.25000000     1.25000000     1.25000000     1.25000000     1.25000000     1.25000000     1.25000000     1.25000000     1.25000000     1.25000000
     1.25000000     1.25000000     1.25000000     1.25000000     1.25000000     1.25000000     1.25000000     1.25000000     1.25000000     1.25000000     1.25000000     1.25000000     1.25000000     1.25000000     1.25000000     1.25000000     1.25000000
     1.25000000     1.25000000     1.25000000     1.25000000     1.25000000     1.25000000     1.25000000     1.25000000     1.25000000     1.25000000     1.25000000     1.25000000     1.25000000     1.25000000     1.25000000     1.25000000     1.25000000
     1.25000000     1.25000000     1.25000000     1.25000000     1.25000000     1.25000000     1.25000000     1.25000000     1.25000000     1.25000000     1.25000000     1.25000000     1.25000000     1.25000000     1.25000000     1.25000000     1.25000000
     1.25000000     1.25000000     1.25000000     1.25000000     1.25000000     1.25000000     1.25000000     1.25000000     1.25000000     1.25000000     1.25000000     1.25000000     1.25000000     1.25000000     1.25000000     1.25000000     1.25000000


     1.33333333     1.33333333     1.33333333     1.33333333     1.33333333     1.33333333     1.33333333     1.33333333     1.33333333     1.33333333     1.33333333     1.33333333     1.33333333     1.33333333     1.33333333     1.33333333     1.33333333
     1.33333333     1.33333333     1.33333333     1.33333333     1.33333333     1.33333333     1.33333333     1.33333333     1.33333333     1.33333333     1.33333333     1.33333333     1.33333333     1.33333333     1.33333333     1.33333333     1.33333333
     1.33333333     1.33333333     1.33333333     1.33333333     1.33333333     1.33333333     1.33333333     1.33333333     1.33333333     1.33333333     1.33333333     1.33333333     1.33333333     1.33333333     1.33333333     1.33333333     1.33333333
     1.33333333     1.33333333     1.33333333     1.33333333     1.33333333     1.33333333     1.33333333     1.33333333     1.33333333     1.33333333     1.33333333     1.33333333     1.33333333     1.33333333     1.33333333     1.33333333     1.33333333
     1.33333333     1.33333333     1.33333333     1.33333333     1.33333333     1.33333333     1.33333333     1.33333333     1.33333333     1.33333333     1.33333333     1.33333333     1.33333333     1.33333333     1.33333333     1.33333333     1.33333333
     1.33333333     1.33333333     1.33333333     1.33333333     1.33333333     1.33333333     1.33333333     1.33333333     1.33333333     1.33333333     1.33333333     1.33333333     1.33333333     1.33333333     1.33333333     1.33333333     1.33333333


     1.41666667     1.41666667     1.41666667     1.41666667     1.41666667     1.41666667     1.41666667     1.41666667     1.41666667     1.41666667     1.41666667     1.41666667     1.41666667     1.41666667     1.41666667     1.41666667     1.41666667
     1.41666667     1.41666667     1.41666667     1.41666667     1.41666667     1.41666667     1.41666667     1.41666667     1.41666667     1.41666667     1.41666667     1.41666667     1.41666667     1.41666667     1.41666667     1.41666667     1.41666667
     1.41666667     1.41666667     1.41666667     1.41666667     1.41666667     1.41666667     1.41666667     1.41666667     1.41666667     1.41666667     1.41666667     1.41666667     1.41666667     1.41666667     1.41666667     1.41666667     1.41666667
     1.41666667     1.41666667     1.41666667     1.41666667     1.41666667     1.41666667     1.41666667     1.41666667     1.41666667     1.41666667     1.41666667     1.41666667     1.41666667     1.41666667     1.41666667     1.41666667     1.41666667
     1.41666667     1.41666667     1.41666667     1.41666667     1.41666667     1.41666667     1.41666667     1.41666667     1.41666667     1.41666667     1.41666667     1.41666667     1.41666667     1.41666667     1.41666667     1.41666667     1.41666667
     1.41666667     1.41666667     1.41666667     1.41666667     1.41666667     1.41666667     1.41666667     1.41666667     1.41666667     1.41666667     1.41666667     1.41666667     1.41666667     1.41666667     1.41666667     1.41666667     1.41666667


     1.50000000     1.50000000     1.50000000     1.50000000     1.50000000     1.50000000     1.50000000     1.50000000     1.50000000     1.50000000     1.50000000     1.50000000     1.50000000     1.50000000     1.50000000     1.50000000     1.50000000
     1.50000000     1.50000000     1.50000000     1.50000000     1.50000000     1.50000000     1.50000000     1.50000000     1.50000000     1.50000000     1.50000000     1.50000000     1.50000000     1.50000000     1.50000000     1.50000000     1.50000000
     1.50000000     1.50000000     1.50000000     1.50000000     1.50000000     1.50000000     1.50000000     1.50000000     1.50000000     1.50000000     1.50000000     1.50000000     1.50000000     1.50000000     1.50000000     1.50000000     1.50000000
     1.50000000     1.50000000     1.50000000     1.50000000     1.50000000     1.50000000     1.50000000     1.50000000     1.50000000     1.50000000     1.50000000     1.50000000     1.50000000     1.50000000     1.50000000     1.50000000     1.50000000
     1.50000000     1.50000000     1.50000000     1.50000000     1.50000000     1.50000000     1.50000000     1.50000000     1.50000000     1.50000000     1.50000000     1.50000000     1.50000000     1.50000000     1.50000000     1.50000000     1.50000000
     1.50000000     1.50000000     1.50000000     1.50000000     1.50000000     1.50000000     1.50000000     1.50000000     1.50000000     1.50000000     1.50000000     1.50000000     1.50000000     1.50000000     1.50000000     1.50000000     1.50000000


     1.58333333     1.58333333     1.58333333     1.58333333     1.58333333     1.58333333     1.58333333     1.58333333     1.58333333     1.58333333     1.58333333     1.58333333     1.58333333     1.58333333     1.58333333     1.58333333     1.58333333
     1.58333333     1.58333333     1.58333333     1.58333333     1.58333333     1.58333333     1.58333333     1.58333333     1.58333333     1.58333333     1.58333333     1.58333333     1.58333333     1.58333333     1.58333333     1.58333333     1.58333333
     1.58333333     1.58333333     1.58333333     1.58333333     1.58333333     1.58333333     1.58333333     1.58333333     1.58333333     1.58333333     1.58333333     1.58333333     1.58333333     1.58333333     1.58333333     1.58333333     1.58333333
     1.58333333     1.58333333     1.58333333     1.58333333     1.58333333     1.58333333     1.58333333     1.58333333     1.58333333     1.58333333     1.58333333     1.58333333     1.58333333     1.58333333     1.58333333     1.58333333     1.58333333
     1.58333333     1.58333333     1.58333333     1.58333333     1.58333333     1.58333333     1.58333333     1.58333333     1.58333333     1.58333333     1.58333333     1.58333333     1.58333333     1.58333333     1.58333333     1.58333333     1.58333333
     1.58333333     1.58333333     1.58333333     1.58333333     1.58333333     1.58333333     1.58333333     1.58333333     1.58333333     1.58333333     1.58333333     1.58333333     1.58333333     1.58333333     1.58333333     1.58333333     1.58333333


     1.66666667     1.66666667     1.66666667     1.66666667     1.66666667     1.66666667     1.66666667     1.66666667     1.66666667     1.66666667     1.66666667     1.66666667     1.66666667     1.66666667     1.66666667     1.66666667     1.66666667
     1.66666667     1.66666667     1.66666667     1.66666667     1.66666667     1.66666667     1.66666667     1.66666667     1.66666667     1.66666667     1.66666667     1.66666667     1.66666667     1.66666667     1.66666667     1.66666667     1.66666667
     1.66666667     1.66666667     1.66666667     1.66666667     1.66666667     1.66666667     1.66666667     1.66666667     1.66666667     1.66666667     1.66666667     1.66666667     1.66666667     1.66666667     1.66666667     1.66666667     1.66666667
     1.66666667     1.66666667     1.66666667     1.66666667     1.66666667     1.66666667     1.66666667     1.66666667     1.66666667     1.66666667     1.66666667     1.66666667     1.66666667     1.66666667     1.66666667     1.66666667     1.66666667
     1.66666667     1.66666667     1.66666667     1.66666667     1.66666667     1.66666667     1.66666667     1.66666667     1.66666667     1.66666667     1.66666667     1.66666667     1.66666667     1.66666667     1.66666667     1.66666667     1.66666667
     1.66666667     1.66666667     1.66666667     1.66666667     1.66666667     1.66666667     1.66666667     1.66666667     1.66666667     1.66666667     1.66666667     1.66666667     1.66666667     1.66666667     1.66666667     1.66666667     1.66666667


     1.75000000     1.75000000     1.75000000     1.75000000     1.75000000     1.75000000     1.75000000     1.75000000     1.75000000     1.75000000     1.75000000     1.75000000     1.75000000     1.75000000     1.75000000     1.75000000     1.75000000
     1.75000000     1.75000000     1.75000000     1.75000000     1.75000000     1.75000000     1.75000000     1.75000000     1.75000000     1.75000000     1.75000000     1.75000000     1.75000000     1.75000000     1.75000000     1.75000000     1.75000000
     1.75000000     1.75000000     1.75000000     1.75000000     1.75000000     1.75000000     1.75000000     1.75000000     1.75000000     1.75000000     1.75000000     1.75000000     1.75000000     1.75000000     1.75000000     1.75000000     1.75000000
     1.75000000     1.75000000     1.75000000     1.75000000     1.75000000     1.75000000     1.75000000     1.75000000     1.75000000     1.75000000     1.75000000     1.75000000     1.75000000     1.75000000     1.75000000     1.75000000     1.75000000
     1.75000000     1.75000000     1.75000000     1.75000000     1.75000000     1.75000000     1.75000000     1.75000000     1.75000000     1.75000000     1.75000000     1.75000000     1.75000000     1.75000000     1.75000000     1.75000000     1.75000000
     1.75000000     1.75000000     1.75000000     1.75000000     1.75000000     1.75000000     1.75000000     1.75000000     1.75000000     1.75000000     1.75000000     1.75000000     1.75000000     1.75000000     1.75000000     1.75000000     1.75000000


     8.18181818     8.18181818     8.18181818     8.18181818     8.18181818     8.18181818     8.18181818     8.18181818     8.18181818     8.18181818     8.18181818     8.18181818     8.18181818     8.18181818     8.18181818     8.18181818
     8.18181818     8.18181818     8.18181818     8.18181818     8.18181818     8.18181818     8.18181818     8.18181818     8.18181818     8.18181818     8.18181818     8.18181818     8.18181818     8.18181818     8.18181818     8.18181818
     8.18181818     8.18181818     8.18181818     8.18181818     8.18181818     8.18181818     8.18181818     8.18181818     8.18181818     8.18181818     8.18181818     8.18181818     8.18181818     8.18181818     8.18181818     8.18181818
     8.18181818     8.18181818     8.18181818     8.18181818     8.18181818     8.18181818     8.18181818     8.18181818     8.18181818     8.18181818     8.18181818     8.18181818     8.18181818     8.18181818     8.18181818     8.18181818
     8.18181818     8.18181818     8.18181818     8.18181818     8.18181818     8.18181818     8.18181818     8.18181818     8.18181818     8.18181818     8.18181818     8.18181818     8.18181818     8.18181818     8.18181818     8.18181818


     7.00000000     7.00000000     7.00000000     7.00000000     7.00000000     7.00000000     7.00000000     7.00000000     7.00000000     7.00000000
     7.00000000     7.00000000     7.00000000     7.00000000     7.00000000     7.00000000     7.00000000     7.00000000     7.00000000     7.00000000
     7.00000000     7.00000000     7.00000000     7.00000000     7.00000000     7.00000000     7.00000000     7.00000000     7.00000000     7.00000000
     7.00000000     7.00000000     7.00000000     7.00000000     7.00000000     7.00000000     7.00000000     7.00000000     7.00000000     7.00000000
     7.00000000     7.00000000     7.00000000     7.00000000     7.00000000     7.00000000     7.00000000     7.00000000     7.00000000     7.00000000
     7.00000000     7.00000000     7.00000000     7.00000000     7.00000000     7.00000000     7.00000000     7.00000000     7.00000000     7.00000000
     7.00000000     7.00000000     7.00000000     7.00000000     7.00000000     7.00000000     7.00000000     7.00000000     7.00000000     7.00000000
     7.00000000     7.00000000     7.00000000     7.00000000     7.00000000     7.00000000     7.00000000     7.00000000     7.00000000     7.00000000
     7.00000000     7.00000000     7.00000000     7.00000000     7.00000000     7.00000000     7.00000000     7.00000000     7.00000000     7.00000000
     7.00000000     7.00000000     7.00000000     7.00000000     7.00000000     7.00000000     7.00000000     7.00000000     7.00000000     7.00000000
     7.00000000     7.00000000     7.00000000     7.00000000     7.00000000     7.00000000     7.00000000     7.00000000     7.00000000     7.00000000
     7.00000000     7.00000000     7.00000000     7.00000000     7.00000000     7.00000000     7.00000000     7.00000000     7.00000000     7.00000000
     7.00000000     7.00000000     7.00000000     7.00000000     7.00000000     7.00000000     7.00000000     7.00000000     7.00000000     7.00000000
     7.00000000     7.00000000     7.00000000     7.00000000     7.00000000     7.00000000     7.00000000     7.00000000     7.00000000     7.00000000
     7.00000000     7.00000000     7.00000000     7.00000000     7.00000000     7.00000000     7.00000000     7.00000000     7.00000000     7.00000000
     7.00000000     7.00000000     7.00000000     7.00000000     7.00000000     7.00000000     7.00000000     7.00000000     7.00000000     7.00000000


     7.00000000     7.00000000     7.00000000     7.00000000     7.00000000     7.00000000     7.00000000     7.00000000     7.00000000     7.00000000
     7.00000000     7.00000000     7.00000000     7.00000000     7.00000000     7.00000000     7.00000000     7.00000000     7.00000000     7.00000000
     7.00000000     7.00000000     7.00000000     7.00000000     7.00000000     7.00000000     7.00000000     7.00000000     7.00000000     7.00000000
     7.00000000     7.00000000     7.00000000     7.00000000     7.00000000     7.00000000     7.00000000     7.00000000     7.00000000     7.00000000
     7.00000000     7.00000000     7.00000000     7.00000000     7.00000000     7.00000000     7.00000000     7.00000000     7.00000000     7.00000000
     7.00000000     7.00000000     7.00000000     7.00000000     7.00000000     7.00000000     7.00000000     7.00000000     7.00000000     7.00000000
     7.00000000     7.00000000     7.00000000     7.00000000     7.00000000     7.00000000     7.00000000     7.00000000     7.00000000     7.00000000
     7.00000000     7.00000000     7.00000000     7.00000000     7.00000000     7.00000000     7.00000000     7.00000000     7.00000000     7.00000000
     7.00000000     7.00000000     7.00000000     7.00000000     7.00000000     7.00000000     7.00000000     7.00000000     7.00000000     7.00000000
     7.00000000     7.00000000     7.00000000     7.00000000     7.00000000     7.00000000     7.00000000     7.00000000     7.00000000     7.00000000
     7.00000000     7.00000000     7.00000000     7.00000000     7.00000000     7.00000000     7.00000000     7.00000000     7.00000000     7.00000000
     7.00000000     7.00000000     7.00000000     7.00000000     7.00000000     7.00000000     7.00000000     7.00000000     7.00000000     7.00000000
     7.00000000     7.00000000     7.00000000     7.00000000     7.00000000     7.00000000     7.00000000     7.00000000     7.00000000     7.00000000
     7.00000000     7.00000000     7.00000000     7.00000000     7.00000000     7.00000000     7.00000000     7.00000000     7.00000000     7.00000000
     7.00000000     7.00000000     7.00000000     7.00000000     7.00000000     7.00000000     7.00000000     7.00000000     7.00000000     7.00000000
     7.00000000     7.00000000     7.00000000     7.00000000     7.00000000     7.00000000     7.00000000     7.00000000     7.00000000     7.00000000

Size :4

     1.25000000     1.25000000     1.25000000     1.25000000     1.25000000     1.25000000     1.25000000     1.25000000     1.25000000     1.25000000     1.25000000     1.25000000     1.25000000     1.25000000     1.25000000     1.25000000     1.25000000
     1.25000000     1.25000000     1.25000000     1.25000000     1.25000000     1.25000000     1.25000000     1.25000000     1.25000000     1.25000000     1.25000000     1.25000000     1.25000000     1.25000000     1.25000000     1.25000000     1.25000000
     1.25000000     1.25000000     1.25000000     1.25000000     1.25000000     1.25000000     1.25000000     1.25000000     1.25000000     1.25000000     1.25000000     1.25000000     1.25000000     1.25000000     1.25000000     1.25000000     1.25000000
     1.25000000     1.25000000     1.25000000     1.25000000     1.25000000     1.25000000     1.25000000     1.25000000     1.25000000     1.25000000     1.25000000     1.25000000     1.25000000     1.25000000     1.25000000     1.25000000     1.25000000
     1.25000000     1.25000000     1.25000000     1.25000000     1.25000000     1.25000000     1.25000000     1.25000000     1.25000000     1.25000000     1.25000000     1.25000000     1.25000000     1.25000000     1.25000000     1.25000000     1.25000000
     1.25000000     1.25000000     1.25000000     1.25000000     1.25000000     1.25000000     1.25000000     1.25000000     1.25000000     1.25000000     1.25000000     1.25000000     1.25000000     1.25000000     1.25000000     1.25000000     1.25000000


     1.33333333     1.33333333     1.33333333     1.33333333     1.33333333     1.33333333     1.33333333     1.33333333     1.33333333     1.33333333     1.33333333     1.33333333     1.33333333     1.33333333     1.33333333     1.33333333     1.33333333
     1.33333333     1.33333333     1.33333333     1.33333333     1.33333333     1.33333333     1.33333333     1.33333333     1.33333333     1.33333333     1.33333333     1.33333333     1.33333333     1.33333333     1.33333333     1.33333333     1.33333333
     1.33333333     1.33333333     1.33333333     1.33333333     1.33333333     1.33333333     1.33333333     1.33333333     1.33333333     1.33333333     1.33333333     1.33333333     1.33333333     1.33333333     1.33333333     1.33333333     1.33333333
     1.33333333     1.33333333     1.33333333     1.33333333     1.33333333     1.33333333     1.33333333     1.33333333     1.33333333     1.33333333     1.33333333     1.33333333     1.33333333     1.33333333     1.33333333     1.33333333     1.33333333
     1.33333333     1.33333333     1.33333333     1.33333333     1.33333333     1.33333333     1.33333333     1.33333333     1.33333333     1.33333333     1.33333333     1.33333333     1.33333333     1.33333333     1.33333333     1.33333333     1.33333333
     1.33333333     1.33333333     1.33333333     1.33333333     1.33333333     1.33333333     1.33333333     1.33333333     1.33333333     1.33333333     1.33333333     1.33333333     1.33333333     1.33333333     1.33333333     1.33333333     1.33333333


     7.00000000     7.00000000     7.00000000     7.00000000     7.00000000     7.00000000     7.00000000     7.00000000     7.00000000     7.00000000
     7.00000000     7.00000000     7.00000000     7.00000000     7.00000000     7.00000000     7.00000000     7.00000000     7.00000000     7.00000000
     7.00000000     7.00000000     7.00000000     7.00000000     7.00000000     7.00000000     7.00000000     7.00000000     7.00000000     7.00000000
     7.00000000     7.00000000     7.00000000     7.00000000     7.00000000     7.00000000     7.00000000     7.00000000     7.00000000     7.00000000
     7.00000000     7.00000000     7.00000000     7.00000000     7.00000000     7.00000000     7.00000000     7.00000000     7.00000000     7.00000000
     7.00000000     7.00000000     7.00000000     7.00000000     7.00000000     7.00000000     7.00000000     7.00000000     7.00000000     7.00000000
     7.00000000     7.00000000     7.00000000     7.00000000     7.00000000     7.00000000     7.00000000     7.00000000     7.00000000     7.00000000
     7.00000000     7.00000000     7.00000000     7.00000000     7.00000000     7.00000000     7.00000000     7.00000000     7.00000000     7.00000000
     7.00000000     7.00000000     7.00000000     7.00000000     7.00000000     7.00000000     7.00000000     7.00000000     7.00000000     7.00000000
     7.00000000     7.00000000     7.00000000     7.00000000     7.00000000     7.00000000     7.00000000     7.00000000     7.00000000     7.00000000
     7.00000000     7.00000000     7.00000000     7.00000000     7.00000000     7.00000000     7.00000000     7.00000000     7.00000000     7.00000000
     7.00000000     7.00000000     7.00000000     7.00000000     7.00000000     7.00000000     7.00000000     7.00000000     7.00000000     7.00000000
     7.00000000     7.00000000     7.00000000     7.00000000     7.00000000     7.00000000     7.00000000     7.00000000     7.00000000     7.00000000
     7.00000000     7.00000000     7.00000000     7.00000000     7.00000000     7.00000000     7.00000000     7.00000000     7.00000000     7.00000000
     7.00000000     7.00000000     7.00000000     7.00000000     7.00000000     7.00000000     7.00000000     7.00000000     7.00000000     7.00000000
     7.00000000     7.00000000     7.00000000     7.00000000     7.00000000     7.00000000     7.00000000     7.00000000     7.00000000     7.00000000


     7.00000000     7.00000000     7.00000000     7.00000000     7.00000000     7.00000000     7.00000000     7.00000000     7.00000000     7.00000000
     7.00000000     7.00000000     7.00000000     7.00000000     7.00000000     7.00000000     7.00000000     7.00000000     7.00000000     7.00000000
     7.00000000     7.00000000     7.00000000     7.00000000     7.00000000     7.00000000     7.00000000     7.00000000     7.00000000     7.00000000
     7.00000000     7.00000000     7.00000000     7.00000000     7.00000000     7.00000000     7.00000000     7.00000000     7.00000000     7.00000000
     7.00000000     7.00000000     7.00000000     7.00000000     7.00000000     7.00000000     7.00000000     7.00000000     7.00000000     7.00000000
     7.00000000     7.00000000     7.00000000     7.00000000     7.00000000     7.00000000     7.00000000     7.00000000     7.00000000     7.00000000
     7.00000000     7.00000000     7.00000000     7.00000000     7.00000000     7.00000000     7.00000000     7.00000000     7.00000000     7.00000000
     7.00000000     7.00000000     7.00000000     7.00000000     7.00000000     7.00000000     7.00000000     7.00000000     7.00000000     7.00000000
     7.00000000     7.00000000     7.00000000     7.00000000     7.00000000     7.00000000     7.00000000     7.00000000     7.00000000     7.00000000
     7.00000000     7.00000000     7.00000000     7.00000000     7.00000000     7.00000000     7.00000000     7.00000000     7.00000000     7.00000000
     7.00000000     7.00000000     7.00000000     7.00000000     7.00000000     7.00000000     7.00000000     7.00000000     7.00000000     7.00000000
     7.00000000     7.00000000     7.00000000     7.00000000     7.00000000     7.00000000     7.00000000     7.00000000     7.00000000     7.00000000
     7.00000000     7.00000000     7.00000000     7.00000000     7.00000000     7.00000000     7.00000000     7.00000000     7.00000000     7.00000000
     7.00000000     7.00000000     7.00000000     7.00000000     7.00000000     7.00000000     7.00000000     7.00000000     7.00000000     7.00000000
     7.00000000     7.00000000     7.00000000     7.00000000     7.00000000     7.00000000     7.00000000     7.00000000     7.00000000     7.00000000
     7.00000000     7.00000000     7.00000000     7.00000000     7.00000000     7.00000000     7.00000000     7.00000000     7.00000000     7.00000000

Size :4

     1.25000000     1.25000000     1.25000000     1.25000000     1.25000000     1.25000000     1.25000000     1.25000000     1.25000000     1.25000000     1.25000000     1.25000000     1.25000000     1.25000000     1.25000000     1.25000000     1.25000000
     1.25000000     1.25000000     1.25000000     1.25000000     1.25000000     1.25000000     1.25000000     1.25000000     1.25000000     1.25000000     1.25000000     1.25000000     1.25000000     1.25000000     1.25000000     1.25000000     1.25000000
     1.25000000     1.25000000     1.25000000     1.25000000     1.25000000     1.25000000     1.25000000     1.25000000     1.25000000     1.25000000     1.25000000     1.25000000     1.25000000     1.25000000     1.25000000     1.25000000     1.25000000
     1.25000000     1.25000000     1.25000000     1.25000000     1.25000000     1.25000000     1.25000000     1.25000000     1.25000000     1.25000000     1.25000000     1.25000000     1.25000000     1.25000000     1.25000000     1.25000000     1.25000000
     1.25000000     1.25000000     1.25000000     1.25000000     1.25000000     1.25000000     1.25000000     1.25000000     1.25000000     1.25000000     1.25000000     1.25000000     1.25000000     1.25000000     1.25000000     1.25000000     1.25000000
     1.25000000     1.25000000     1.25000000     1.25000000     1.25000000     1.25000000     1.25000000     1.25000000     1.25000000     1.25000000     1.25000000     1.25000000     1.25000000     1.25000000     1.25000000     1.25000000     1.25000000


     1.33333333     1.33333333     1.33333333     1.33333333     1.33333333     1.33333333     1.33333333     1.33333333     1.33333333     1.33333333     1.33333333     1.33333333     1.33333333     1.33333333     1.33333333     1.33333333     1.33333333
     1.33333333     1.33333333     1.33333333     1.33333333     1.33333333     1.33333333     1.33333333     1.33333333     1.33333333     1.33333333     1.33333333     1.33333333     1.33333333     1.33333333     1.33333333     1.33333333     1.33333333
     1.33333333     1.33333333     1.33333333     1.33333333     1.33333333     1.33333333     1.33333333     1.33333333     1.33333333     1.33333333     1.33333333     1.33333333     1.33333333     1.33333333     1.33333333     1.33333333     1.33333333
     1.33333333     1.33333333     1.33333333     1.33333333     1.33333333     1.33333333     1.33333333     1.33333333     1.33333333     1.33333333     1.33333333     1.33333333     1.33333333     1.33333333     1.33333333     1.33333333     1.33333333
     1.33333333     1.33333333     1.33333333     1.33333333     1.33333333     1.33333333     1.33333333     1.33333333     1.33333333     1.33333333     1.33333333     1.33333333     1.33333333     1.33333333     1.33333333     1.33333333     1.33333333
     1.33333333     1.33333333     1.33333333     1.33333333     1.33333333     1.33333333     1.33333333     1.33333333     1.33333333     1.33333333     1.33333333     1.33333333     1.33333333     1.33333333     1.33333333     1.33333333     1.33333333


     7.00000000     7.00000000     7.00000000     7.00000000     7.00000000     7.00000000     7.00000000     7.00000000     7.00000000     7.00000000
     7.00000000     7.00000000     7.00000000     7.00000000     7.00000000     7.00000000     7.00000000     7.00000000     7.00000000     7.00000000
     7.00000000     7.00000000     7.00000000     7.00000000     7.00000000     7.00000000     7.00000000     7.00000000     7.00000000     7.00000000
     7.00000000     7.00000000     7.00000000     7.00000000     7.00000000     7.00000000     7.00000000     7.00000000     7.00000000     7.00000000
     7.00000000     7.00000000     7.00000000     7.00000000     7.00000000     7.00000000     7.00000000     7.00000000     7.00000000     7.00000000
     7.00000000     7.00000000     7.00000000     7.00000000     7.00000000     7.00000000     7.00000000     7.00000000     7.00000000     7.00000000
     7.00000000     7.00000000     7.00000000     7.00000000     7.00000000     7.00000000     7.00000000     7.00000000     7.00000000     7.00000000
     7.00000000     7.00000000     7.00000000     7.00000000     7.00000000     7.00000000     7.00000000     7.00000000     7.00000000     7.00000000
     7.00000000     7.00000000     7.00000000     7.00000000     7.00000000     7.00000000     7.00000000     7.00000000     7.00000000     7.00000000
     7.00000000     7.00000000     7.00000000     7.00000000     7.00000000     7.00000000     7.00000000     7.00000000     7.00000000     7.00000000
     7.00000000     7.00000000     7.00000000     7.00000000     7.00000000     7.00000000     7.00000000     7.00000000     7.00000000     7.00000000
     7.00000000     7.00000000     7.00000000     7.00000000     7.00000000     7.00000000     7.00000000     7.00000000     7.00000000     7.00000000
     7.00000000     7.00000000     7.00000000     7.00000000     7.00000000     7.00000000     7.00000000     7.00000000     7.00000000     7.00000000
     7.00000000     7.00000000     7.00000000     7.00000000     7.00000000     7.00000000     7.00000000     7.00000000     7.00000000     7.00000000
     7.00000000     7.00000000     7.00000000     7.00000000     7.00000000     7.00000000     7.00000000     7.00000000     7.00000000     7.00000000
     7.00000000     7.00000000     7.00000000     7.00000000     7.00000000     7.00000000     7.00000000     7.00000000     7.00000000     7.00000000


     7.00000000     7.00000000     7.00000000     7.00000000     7.00000000     7.00000000     7.00000000     7.00000000     7.00000000     7.00000000
     7.00000000     7.00000000     7.00000000     7.00000000     7.00000000     7.00000000     7.00000000     7.00000000     7.00000000     7.00000000
     7.00000000     7.00000000     7.00000000     7.00000000     7.00000000     7.00000000     7.00000000     7.00000000     7.00000000     7.00000000
     7.00000000     7.00000000     7.00000000     7.00000000     7.00000000     7.00000000     7.00000000     7.00000000     7.00000000     7.00000000
     7.00000000     7.00000000     7.00000000     7.00000000     7.00000000     7.00000000     7.00000000     7.00000000     7.00000000     7.00000000
     7.00000000     7.00000000     7.00000000     7.00000000     7.00000000     7.00000000     7.00000000     7.00000000     7.00000000     7.00000000
     7.00000000     7.00000000     7.00000000     7.00000000     7.00000000     7.00000000     7.00000000     7.00000000     7.00000000     7.00000000
     7.00000000     7.00000000     7.00000000     7.00000000     7.00000000     7.00000000     7.00000000     7.00000000     7.00000000     7.00000000
     7.00000000     7.00000000     7.00000000     7.00000000     7.00000000     7.00000000     7.00000000     7.00000000     7.00000000     7.00000000
     7.00000000     7.00000000     7.00000000     7.00000000     7.00000000     7.00000000     7.00000000     7.00000000     7.00000000     7.00000000
     7.00000000     7.00000000     7.00000000     7.00000000     7.00000000     7.00000000     7.00000000     7.00000000     7.00000000     7.00000000
     7.00000000     7.00000000     7.00000000     7.00000000     7.00000000     7.00000000     7.00000000     7.00000000     7.00000000     7.00000000
     7.00000000     7.00000000     7.00000000     7.00000000     7.00000000     7.00000000     7.00000000     7.00000000     7.00000000     7.00000000
     7.00000000     7.00000000     7.00000000     7.00000000     7.00000000     7.00000000     7.00000000     7.00000000     7.00000000     7.00000000
     7.00000000     7.00000000     7.00000000     7.00000000     7.00000000     7.00000000     7.00000000     7.00000000     7.00000000     7.00000000
     7.00000000     7.00000000     7.00000000     7.00000000     7.00000000     7.00000000     7.00000000     7.00000000     7.00000000     7.00000000

Test for big integer
Size :63
37722596335218551697084
37643728172644366418692
37564860010070180159614
37485991847495992919850
37395856804554063444994
37316988641979874103760
37238120479405683781840
37193052957934717443292
37181786077566975808620
37170519197199234153934
37159252316831492479234
37147985436463750784520
37136718556096009069792
37125451675728267335050
37114184795360525580294
37102917914992783805524
37091651034625042010740
37080384154257300195942
37069117273889558361130
37057850393521816506304
37046583513154074631464
37035316632786332736610
37024049752418590821742
37012782872050848886860
37001515991683106931964
36990249111315364957054
36978982230947622962130
36967715350579880947192
36956448470212138912240
36945181589844396857274
36933914709476654782294
36922647829108912687300
36911380948741170572292
36900114068373428437270
36888847188005686282234
36877580307637944107184
36866313427270201912120
36855046546902459697042
36843779666534717461950
36832512786166975206844
36821245905799232931724
36809979025431490636590
36798712145063748321442
36787445264696005986280
36776178384328263631104
36764911503960521255914
36753644623592778860710
36742377743225036445492
36731110862857294010260
36719843982489551555014
36708577102121809079754
36697310221754066584480
36686043341386324069192
36674776461018581533890
36663509580650838978574
36652242700283096403244
36640975819915353807900
36629708939547611192542
36618442059179868557170
36607175178812125901784
36595908298444383226384
36584641418076640530970
36584641418076640530970
Size :6
37722596335218551697084
37643728172644366418692
37564860010070180159614
36595908298444383226384
36584641418076640530970
36584641418076640530970
Size :6
37722596335218551697084
37643728172644366418692
37564860010070180159614
36595908298444383226384
36584641418076640530970
36584641418076640530970
Throw correctly
Throw correctly
Throw correctly
Okay
